a = [0.5804136612350422, 0.4534415481450439, 0.4356898152055519, 0.4246713497933574, 0.37818669593230597, 0.36534439575586314, 0.1671034135977226, 0.1671034135977226, 0.1671034135977226, 0.1671034135977226, 0.1563194237442303, 0.1563194237442303, 0.14178856005446963, 0.14178856005446963, 0.14178856005446963, 0.14178856005446963, 0.11248356121031325, 0.11248356121031325, 0.10819413803556552, 0.10459166904388399, 0.10459166904388399, 0.10459166904388399, 0.10459166904388399, 0.10390196378751347, 0.10390196378751347, 0.10390196378751347, 0.10298731432814848, 0.10298731432814848, 0.10298731432814848, 0.10298731432814848, 0.10298731432814848, 0.10298731432814848, 0.10298731432814848, 0.10298731432814848, 0.09304325875350375, 0.09304325875350375, 0.09304325875350375, 0.09304325875350375, 0.08808380522288943, 0.08520560451337025, 0.08480679785377265, 0.08480679785377265, 0.08299103958196316, 0.08299103958196316, 0.08299103958196316, 0.08281869279633039, 0.08281869279633039, 0.08276194208795531, 0.07026233042755922, 0.06900245822109193, 0.06900245822109193, 0.06832571180768769, 0.06832571180768769, 0.06832571180768769, 0.06832571180768769, 0.06361983379151669, 0.06361983379151669, 0.06313557088543595, 0.06313557088543595, 0.06313557088543595, 0.06219381270914434, 0.0404946248213926, 0.0404946248213926, 0.0404946248213926, 0.0404946248213926, 0.0404946248213926, 0.0404946248213926, 0.0404946248213926, 0.0404946248213926, 0.0404946248213926, 0.0404946248213926, 0.0404946248213926, 0.0404946248213926, 0.0404946248213926, 0.0404946248213926, 0.0404946248213926, 0.0404946248213926, 0.0404946248213926, 0.0404946248213926, 0.040402750294874515, 0.040402750294874515, 0.03490686920714743, 0.03490686920714743, 0.03490686920714743, 0.03490686920714743, 0.03490686920714743, 0.03490686920714743, 0.03490686920714743, 0.03490686920714743, 0.03490686920714743, 0.03490686920714743, 0.03490686920714743, 0.03490686920714743, 0.03490686920714743, 0.03490686920714743, 0.03490686920714743, 0.03490686920714743, 0.0337825811074469, 0.0337825811074469, 0.0337825811074469, 0.0337825811074469, 0.0337825811074469, 0.033758926793738306, 0.033758926793738306, 0.033758926793738306, 0.03135447741647642, 0.03135447741647642, 0.03135447741647642, 0.03135447741647642, 0.030304029378879403, 0.030304029378879403, 0.030304029378879403, 0.030304029378879403, 0.030304029378879403, 0.030304029378879403, 0.030304029378879403, 0.030304029378879403, 0.030304029378879403, 0.030304029378879403, 0.030304029378879403, 0.030304029378879403, 0.030304029378879403, 0.030304029378879403, 0.028724440001001314, 0.028724440001001314, 0.028724440001001314, 0.028724440001001314, 0.028724440001001314, 0.02868203031266172, 0.02868203031266172, 0.02868203031266172, 0.02868203031266172, 0.02868203031266172, 0.02868203031266172, 0.028314958060307475, 0.028170494712401527, 0.028170494712401527, 0.028170494712401527, 0.028171049237365377, 0.028171049237365377, 0.028171049237365377, 0.028171049237365377, 0.028171049237365377, 0.028171049237365377, 0.028171049237365377, 0.028171049237365377, 0.028171049237365377, 0.028171049237365377, 0.028171049237365377, 0.028171049237365377, 0.028171049237365377, 0.028882671844874655, 0.028882671844874655, 0.028882671844874655, 0.028882671844874655, 0.028882671844874655, 0.028882671844874655, 0.028056413181256654, 0.028056413181256654, 0.028056413181256654, 0.028056413181256654, 0.028056413181256654, 0.028056413181256654, 0.028056413181256654, 0.028056413181256654, 0.028056413181256654, 0.02703827428821589, 0.02703827428821589, 0.02703827428821589, 0.02703827428821589, 0.02703827428821589, 0.026247265365438602, 0.026247265365438602, 0.026247265365438602, 0.026247265365438602, 0.026247265365438602, 0.02547666464773878, 0.02547666464773878, 0.02547666464773878, 0.02547666464773878, 0.02547666464773878, 0.029173899105357344, 0.02102867274927871, 0.02102867274927871, 0.02102867274927871, 0.02102867274927871, 0.02102867274927871, 0.02102867274927871, 0.02102867274927871, 0.02102867274927871, 0.02102867274927871, 0.02102867274927871, 0.02102867274927871, 0.02102867274927871, 0.02102867274927871, 0.02102867274927871, 0.02102867274927871, 0.020048152178471355, 0.020048152178471355, 0.020048152178471355, 0.020048152178471355, 0.019891236905561674, 0.019891236905561674, 0.019325614293181623, 0.019325614293181623, 0.019325614293181623, 0.019325614293181623, 0.019325614293181623, 0.019325614293181623, 0.019325614293181623, 0.019325614293181623, 0.019325614293181623, 0.019325614293181623, 0.019325614293181623, 0.019325614293181623, 0.019325614293181623, 0.019325614293181623, 0.019325614293181623, 0.019325614293181623, 0.019325614293181623, 0.01932048261300469, 0.01932048261300469, 0.01932048261300469, 0.01932048261300469, 0.01932048261300469, 0.01932048261300469, 0.01932048261300469, 0.01932048261300469, 0.01889854165957283, 0.01889854165957283, 0.01889854165957283, 0.01889854165957283, 0.01889854165957283, 0.018884008111097098, 0.018884008111097098, 0.018884008111097098, 0.018884008111097098, 0.018884008111097098, 0.018884008111097098, 0.018884008111097098, 0.018884008111097098, 0.018884008111097098, 0.018884008111097098, 0.0180208026707699, 0.01809394368520349, 0.01809394368520349, 0.01809394368520349, 0.016174711218057643, 0.016174711218057643, 0.016174711218057643, 0.016174711218057643, 0.016077739809176598, 0.016077739809176598, 0.01633740739495095, 0.01577315065919433, 0.01577315065919433, 0.01577315065919433, 0.01577315065919433, 0.01577315065919433, 0.01464331323561886, 0.01464331323561886, 0.01464331323561886, 0.01464331323561886, 0.01464331323561886, 0.01464331323561886, 0.01464331323561886, 0.01464331323561886, 0.01464331323561886, 0.01464331323561886, 0.01464331323561886, 0.01464331323561886, 0.01464331323561886, 0.01464331323561886, 0.01464331323561886, 0.01464331323561886, 0.01464331323561886, 0.014709525205095395, 0.014709525205095395, 0.014709525205095395, 0.014709525205095395, 0.014709525205095395, 0.014709525205095395, 0.014709525205095395, 0.014709525205095395, 0.014709525205095395, 0.014709525205095395, 0.014709525205095395, 0.014709525205095395, 0.014709525205095395, 0.014709525205095395, 0.014709525205095395, 0.014709525205095395, 0.014709478087167181, 0.014709478087167181, 0.014709478087167181, 0.014438303901510812, 0.014438303901510812, 0.014438303901510812, 0.014438303901510812, 0.01438226683520436, 0.01438226683520436, 0.014528138654442822, 0.014528138654442822, 0.014528138654442822, 0.014528138654442822, 0.014528138654442822, 0.014521448277671635, 0.014521448277671635, 0.014548756469630487, 0.014548756469630487, 0.014548756469630487, 0.014548756469630487, 0.014548756469630487, 0.014548756469630487, 0.014548756469630487, 0.014548756469630487, 0.014743539761159613, 0.014743539761159613, 0.014743539761159613, 0.014743539761159613, 0.014743539761159613, 0.014743539761159613, 0.014592122544299252, 0.014592122544299252, 0.014592122544299252, 0.014592122544299252, 0.014592122544299252, 0.014592122544299252, 0.014592122544299252, 0.014592122544299252, 0.014592122544299252, 0.014592122544299252, 0.014592122544299252, 0.014592122544299252, 0.014592122544299252, 0.014587749876912972, 0.014587749876912972, 0.014587749876912972, 0.014587749876912972, 0.014587749876912972, 0.014587749876912972, 0.014587749876912972, 0.014587749876912972, 0.014587749876912972, 0.014587749876912972, 0.014587749876912972, 0.014587749876912972, 0.014773362903271567, 0.014773362903271567, 0.014773362903271567, 0.014773362903271567, 0.014773362903271567, 0.014773362903271567, 0.014773362903271567, 0.014773362903271567, 0.014773362903271567, 0.014773362903271567, 0.014773362903271567, 0.014773362903271567, 0.014773362903271567, 0.014773362903271567, 0.014773362903271567, 0.014773362903271567, 0.014773362903271567, 0.014773362903271567, 0.014773362903271567, 0.014773362903271567, 0.014773362903271567, 0.014773362903271567, 0.014773362903271567, 0.014773362903271567, 0.014773362903271567, 0.014773362903271567, 